%plotting the results attained from counting all NDs (aka # of deviations, aka # of paroxysmal events) among the 42 ROIs of subjects
%considered -2 sigma and 2 sigma points

%age groups:
%21-30: 458 
%31-40: 85 
%41-50: 119 
%51-60: 119 
%61-70: 67 
%(71+ : 39)
%71-80: 31 
%81+ : 8 


%================================= t-test for all subjects (begin) ================================= 
%do 2-sample t-test to compare all age groups to 21-to-30 group to see if changes are significant

devs_low_21to30 = [144	101	87	96	119	106	74	83	117	102	125	109	154	120	196	82	77	205	140	116	186	213	235	152	93	105	181	91	194	184	187	195	168	211	94	196	166	94	101	202	89	141	83	199	154	88	207	82	200	102	211	189	185	99	110	135	216	116	223	187	191	231	173	188	203	107	223	108	190	120	91	171	233	187	194	211	182	90	202	196	103	108	201	118	108	113	176	91	105	196	113	166	89	114	222	189	197	184	210	90	228	187	155	212	118	91	170	206	89	129	141	131	137	138	102	118	100	90	106	101	98	103	114	95	114	191	119	179	198	130	116	175	204	99	112	66	113	97	235	205	97	204	234	177	179	210	154	212	82	199	222	113	131	195	165	112	208	168	98	119	225	183	125	89	119	200	197	105	106	99	100	193	239	109	188	206	152	194	122	188	175	134	77	147	147	146	125	145	116	119	88	107	99	90	134	115	113	115	103	87	103	101	157	194	122	188	97	186	106	107	97	181	95	199	162	183	188	109	205	167	115	100	159	197	216	193	185	221	124	241	162	96	170	91	87	104	165	203	121	127	84	92	197	162	106	119	91	210	91	199	88	217	191	150	196	188	76	122	198	203	237	225	87	251	212	133	142	140	122	115	117	116	102	101	111	91	90	87	194	199	100	201	184	205	94	191	108	126	94	215	116	111	177	193	172	171	212	204	179	160	229	184	91	197	181	145	185	74	213	113	108	111	114	94	95	202	102	105	146	186	87	205	203	97	179	193	97	162	178	172	103	196	168	211	143	148	109	116	193	187	118	109	129	136	113	118	122	118	121	117	166	151	76	109	209	79	110	194	150	109	169	91	152	106	102	209	198	97	192	162	110	112	119	201	165	87	149	116	161	94	231	160	221	105	156	122	129	141	99	111	100	119	141	174	183	107	102	189	175	166	214	105	187	209	129	163	110	156	108	131	146	120	101	113	97	193	178	95	113	176	106	118	120	186	117	163	119	169	110	162	84	119	79	157	97	164	117	213	191	160	171	106	235	107	149	127	139	119	112	128	113	84	146	193	181	94	208	109]; 
devs_high_21to30 = [148	109	127	125	95	110	142	127	134	130	108	123	115	135	207	134	134	196	241	120	223	192	194	212	120	118	249	115	239	228	233	239	226	221	120	240	207	114	124	233	128	94	118	217	237	131	210	131	220	117	246	227	233	110	109	100	202	104	237	234	258	204	212	239	214	95	210	115	220	105	129	233	171	218	223	200	223	130	225	212	128	112	188	106	120	109	234	114	126	214	99	201	131	97	226	245	253	242	249	115	219	234	188	186	117	121	210	216	126	145	158	152	152	90	130	106	144	130	109	136	125	99	124	115	105	206	102	200	236	98	129	221	240	122	94	153	108	130	197	226	104	219	186	222	252	230	273	202	124	200	189	115	203	214	231	106	210	210	114	110	213	228	105	127	127	239	227	135	96	125	112	240	172	118	230	211	247	245	112	241	239	114	133	229	198	151	160	138	114	105	132	108	137	134	119	100	110	108	151	132	132	124	211	212	106	227	98	201	93	125	105	213	135	196	209	183	230	115	215	180	103	122	184	189	210	176	236	219	122	201	232	103	176	124	111	124	196	220	103	99	155	103	234	275	108	107	126	211	130	186	129	244	235	231	192	211	142	132	199	168	210	218	129	210	192	113	169	154	179	170	98	122	113	137	118	113	122	127	231	244	107	217	216	202	132	185	132	112	133	202	124	130	173	246	246	186	193	207	211	202	214	221	112	246	212	215	227	128	214	175	120	121	107	151	119	199	132	125	149	202	130	213	197	135	200	221	120	209	226	205	109	216	211	234	204	187	127	122	190	188	162	174	164	160	107	128	114	111	87	114	208	195	120	155	222	130	122	170	198	118	229	119	227	109	145	207	223	116	220	138	118	118	124	161	171	122	220	137	171	119	208	218	211	151	272	150	144	136	107	107	129	124	231	222	202	112	110	196	192	210	203	125	213	184	113	212	138	208	124	152	149	114	126	114	112	175	195	143	150	207	138	114	115	171	134	164	237	225	110	212	134	108	122	187	117	174	206	208	182	153	158	136	213	113	175	145	144	197	109	122	123	139	212	250	183	150	196	138]; 
devs_total_21to30 = devs_low_21to30 + devs_high_21to30;

devs_low_31to40 = [118	130	117	108	102	90	176	191	170	165	204	194	138	181	93	118	104	210	170	169	180	209	119	161	104	93	176	154	96	202	108	140	116	104	113	89	98	169	222	178	177	159	158	149	159	134	159	89	96	181	123	133	90	115	146	123	139	112	98	104	89	183	139	169	134	137	100	125	213	149	167	139	89	114	122	85	109	209	152	137	131	105	106	162	169]; 
devs_high_31to40 = [135	150	157	107	116	142	202	201	203	211	176	235	170	204	125	110	136	236	183	193	196	186	147	126	108	116	215	204	138	261	138	160	146	107	129	127	107	188	219	174	176	204	161	220	189	150	132	124	122	170	177	148	103	108	161	111	164	96	126	118	116	182	218	198	144	173	140	98	231	172	131	166	123	128	119	136	117	257	211	146	149	118	129	199	180]; 
devs_total_31to40 = devs_low_31to40 + devs_high_31to40;

devs_low_41to50 = [89	116	139	113	107	103	208	193	206	112	132	98	107	104	111	104	110	262	112	109	110	105	102	142	119	128	131	108	97	93	106	118	121	108	99	112	143	124	175	92	141	121	103	82	111	121	126	171	105	102	101	109	120	92	103	122	223	176	186	166	225	125	110	126	128	105	114	111	117	121	102	95	105	161	190	146	155	141	133	116	123	79	119	115	102	112	160	151	199	161	118	107	93	96	97	128	111	112	108	106	98	112	107	99	89	156	135	147	178	116	120	121	104	113	97	121	104	110	168]; 
devs_high_41to50  = [137	115	119	110	119	102	229	182	175	124	156	103	124	144	94	126	128	179	148	141	133	96	127	166	126	131	147	149	103	107	131	112	115	114	111	112	175	207	178	148	182	88	109	125	129	98	116	177	128	148	136	123	103	122	121	82	212	181	160	147	235	174	178	152	131	134	110	138	116	106	102	133	129	192	134	172	156	183	156	151	143	144	104	99	129	103	170	187	186	166	126	127	119	133	131	103	108	119	89	102	103	109	113	125	129	203	179	218	161	154	121	101	128	125	116	120	131	130	153]; 
devs_total_41to50 = devs_low_41to50 + devs_high_41to50;

devs_low_51to60 = [87	114	127	111	99	102	119	106	136	168	170	132	106	106	90	125	125	103	130	108	159	134	135	122	165	149	114	114	113	103	93	115	122	109	107	92	93	157	148	181	143	157	156	106	149	218	121	104	106	99	110	108	117	148	159	175	148	135	100	102	104	114	111	160	117	121	125	90	110	93	96	93	165	106	97	95	115	121	91	104	196	141	150	145	151	102	133	143	139	102	98	84	106	99	115	95	102	167	98	195	145	100	96	110	94	103	118	109	103	103	106	92	99	115	112	122	100	100	108]; 
devs_high_51to60  = [122	114	107	138	122	128	101	104	186	156	166	159	155	97	128	127	95	119	112	111	167	182	173	92	169	166	125	169	138	111	121	115	124	107	123	143	136	183	173	175	175	182	183	132	145	171	161	132	114	127	110	126	190	175	161	195	157	99	114	128	112	133	110	169	135	98	99	132	110	99	100	122	173	121	96	113	124	135	112	102	167	171	165	189	173	133	110	132	158	127	105	146	115	107	112	113	120	165	97	154	203	106	124	122	123	125	93	120	129	141	125	112	118	113	116	124	113	127	130]; 
devs_total_51to60 = devs_low_51to60 + devs_high_51to60;

devs_low_61to70 = [129	106	80	112	102	113	154	182	143	78	90	122	117	83	100	118	114	94	122	154	143	76	142	81	103	71	181	80	106	122	116	106	109	101	62	51	101	75	138	136	96	99	95	110	99	92	106	104	78	94	99	71	128	68	61	119	111	103	100	98	99	96	82	88	79	66	52]; 
devs_high_61to70  = [107	116	114	119	112	126	169	143	146	143	135	119	117	135	115	107	115	140	124	185	170	65	198	117	110	71	141	128	116	149	110	107	138	115	54	76	107	76	198	196	120	130	123	109	116	135	106	126	131	132	138	122	96	67	58	130	119	125	118	138	102	127	130	127	140	71	70]; 
devs_total_61to70 = devs_low_61to70 + devs_high_61to70;

devs_low_71plus = [109	94	103	94	103	80	106	95	77	111	60	70	67	60	116	108	97	119	112	104	125	103	102	119	103	121	132	108	110	107	119  79	112	112	109	83	91	107	107]; 
devs_high_71plus   = [126	112	112	146	111	69	105	124	124	110	75	69	70	73	94	112	136	123	123	118	108	102	107	137	113	130	92	120	109	136	133  139  104  113  140  138  122  109  110]; 
